Date	Time	u_ref	t_ref	d_ref	precip	Qpar	t_canopy	d_canopy	p_atm	CO2_atm	Ts0	Tsurf	Troot	Zw	xylemScalar	NEEobs	Ec
2013152	0	7.89	12.47	0.798534508	0	0	12.47	0.798534508	85.7478	400	12.84	13.21	13.56	10	1	-999	-999
2013152	0.5	8.01	12.65	0.819152701	0	0	12.65	0.819152701	85.7478	400	12.93	13.21	13.56	10	1	-999	-999
2013152	1	8.13	12.83	0.839770895	0	0	12.83	0.839770895	85.795	400	12.915	13	13.42	10	1	-999	-999
2013152	1.5	7.52	12.735	0.819247589	0	0	12.735	0.819247589	85.795	400	12.8675	13	13.42	10	1	-999	-999
2013152	2	6.91	12.64	0.798724282	0	0	12.64	0.798724282	85.8355	400	12.725	12.81	13.29	10	1	-999	-999
2013152	2.5	7.975	12.55	0.787544569	0	0	12.55	0.787544569	85.8355	400	12.68	12.81	13.29	10	1	-999	-999
2013152	3	9.04	12.46	0.776364855	0	0	12.46	0.776364855	85.8492	400	12.565	12.67	13.16	10	1	-999	-999
2013152	3.5	8.235	12.315	0.75842092	0	1.16666655	12.315	0.75842092	85.8492	400	12.4925	12.67	13.16	10	1	-999	-999
2013152	4	7.43	12.17	0.740476985	0	2.3333331	12.17	0.740476985	85.9404	400	12.35	12.53	13.04	10	1	-999	-999
2013152	4.5	7.185	12.19	0.731515217	0	41.08332923	12.19	0.731515217	85.9404	400	12.36	12.53	13.04	10	1	-999	-999
2013152	5	6.94	12.21	0.722553448	0	79.83332535	12.21	0.722553448	86.008	400	12.31	12.41	12.93	10	1	-999	-999
2013152	5.5	6.985	12.55	0.739769141	0	282.2499718	12.55	0.739769141	86.008	400	12.48	12.41	12.93	10	1	-999	-999
2013152	6	7.03	12.89	0.756984833	0	484.6666182	12.89	0.756984833	86.0788	400	12.615	12.34	12.83	10	1	-999	-999
2013152	6.5	7.715	13.67	0.839267028	0	758.3332575	13.67	0.839267028	86.0788	400	13.005	12.34	12.83	10	1	-999	-999
2013152	7	8.4	14.45	0.921549222	0	1031.999897	14.45	0.921549222	86.124	400	13.4	12.35	12.74	10	1	-999	-999
2013152	7.5	8.425	14.84	0.97206452	0	1021.999898	14.84	0.97206452	86.124	400	13.595	12.35	12.74	10	1	-999	-999
2013152	8	8.45	15.23	1.022579819	0	1011.999899	15.23	1.022579819	86.1308	400	13.85	12.47	12.7	10	1	-999	-999
2013152	8.5	8.365	15.71	1.077009414	0	1318.333202	15.71	1.077009414	86.1308	400	14.09	12.47	12.7	10	1	-999	-999
2013152	9	8.28	16.19	1.131439008	0	1624.666504	16.19	1.131439008	86.1376	400	14.435	12.68	12.71	10	1	-999	-999
2013152	9.5	7.47	16.53	1.179447492	0	1616.499838	16.53	1.179447492	86.1376	400	14.605	12.68	12.71	10	1	-999	-999
2013152	10	6.66	16.87	1.227455975	0	1608.333173	16.87	1.227455975	86.1705	400	14.965	13.06	12.8	10	1	-999	-999
2013152	10.5	6.635	17.57	1.341723225	0	1761.833157	17.57	1.341723225	86.1705	400	15.315	13.06	12.8	10	1	-999	-999
2013152	11	6.61	18.27	1.455990474	0	1915.333142	18.27	1.455990474	86.1306	400	15.895	13.52	12.97	10	1	-999	-999
2013152	11.5	5.855	19.02	1.556146671	0	1933.166473	19.02	1.556146671	86.1306	400	16.27	13.52	12.97	10	1	-999	-999
2013152	12	5.1	19.77	1.656302868	0	1950.999805	19.77	1.656302868	86.0609	400	16.875	13.98	13.2	10	1	-999	-999
2013152	12.5	4.815	20.295	1.748616077	0	1884.333145	20.295	1.748616077	86.0609	400	17.1375	13.98	13.2	10	1	-999	-999
2013152	13	4.53	20.82	1.840929287	0	1817.666485	20.82	1.840929287	85.9947	400	17.65	14.48	13.45	10	1	-999	-999
2013152	13.5	4.155	21.18	1.922269805	0	1677.166499	21.18	1.922269805	85.9947	400	17.83	14.48	13.45	10	1	-999	-999
2013152	14	3.78	21.54	2.003610324	0	1536.666513	21.54	2.003610324	85.9691	400	18.245	14.95	13.74	10	1	-999	-999
2013152	14.5	3.18	21.47	2.014136767	0	1230.666544	21.47	2.014136767	85.9691	400	18.21	14.95	13.74	10	1	-999	-999
2013152	15	2.58	21.4	2.024663211	0	924.6665742	21.4	2.024663211	85.9585	400	18.32	15.24	14.01	10	1	-999	-999
2013152	15.5	2.8	21.165	1.971170397	0	671.1665996	21.165	1.971170397	85.9585	400	18.2025	15.24	14.01	10	1	-999	-999
2013152	16	3.02	20.93	1.917677583	0	417.6666249	20.93	1.917677583	85.9419	400	18.12	15.31	14.23	10	1	-999	-999
2013152	16.5	3.85	20.47	1.837923241	0	426.666624	20.47	1.837923241	85.9419	400	17.89	15.31	14.23	10	1	-999	-999
2013152	17	4.68	20.01	1.7581689	0	435.6666231	20.01	1.7581689	85.9372	400	17.615	15.22	14.37	10	1	-999	-999
2013152	17.5	4.425	19.175	1.63237646	0	326.6999673	19.175	1.63237646	85.9372	400	17.1975	15.22	14.37	10	1	-999	-999
2013152	18	4.17	18.34	1.50658402	0	217.7333116	18.34	1.50658402	85.9768	400	16.66	14.98	14.42	10	1	-999	-999
2013152	18.5	3.14	16.63	1.28158387	0	112.2666554	16.63	1.28158387	85.9768	400	15.805	14.98	14.42	10	1	-999	-999
2013152	19	2.11	14.92	1.05658372	0	6.79999932	14.92	1.05658372	86.0326	400	14.805	14.69	14.38	10	1	-999	-999
2013152	19.5	1.855	13.77	0.906715037	0	3.39999966	13.77	0.906715037	86.0326	400	14.23	14.69	14.38	10	1	-999	-999
2013152	20	1.6	12.62	0.756846355	0	0	12.62	0.756846355	86.1233	400	13.5	14.38	14.3	10	1	-999	-999
2013152	20.5	1.495	11.72	0.671724275	0	0	11.72	0.671724275	86.1233	400	13.05	14.38	14.3	10	1	-999	-999
2013152	21	1.39	10.82	0.586602195	0	0	10.82	0.586602195	86.1845	400	12.435	14.05	14.18	10	1	-999	-999
2013152	21.5	0.895	10.43	0.553299181	0	0.06666666	10.43	0.553299181	86.1845	400	12.24	14.05	14.18	10	1	-999	-999
2013152	22	0.4	10.04	0.519996167	0	0.13333332	10.04	0.519996167	86.189	400	11.89	13.74	14.04	10	1	-999	-999
2013152	22.5	0.88	8.9245	0.421796725	0	0.216666645	8.9245	0.421796725	86.189	400	11.33225	13.74	14.04	10	1	-999	-999
2013152	23	1.36	7.809	0.323597283	0	0.29999997	7.809	0.323597283	86.2006	400	10.6145	13.42	13.87	10	1	-999	-999
2013152	23.5	1.145	7.4295	0.297853919	0	0.26666664	7.4295	0.297853919	86.2006	400	10.42475	13.42	13.87	10	1	-999	-999
2013153	0	0.93	7.05	0.272110554	0	0.23333331	7.05	0.272110554	86.1774	400	10.09	13.13	13.7	10	1	-999	-999
2013153	0.5	1.055	6.576	0.240948254	0	0.13333332	6.576	0.240948254	86.1774	400	9.853	13.13	13.7	10	1	-999	-999
2013153	1	1.18	6.102	0.209785955	0	0.03333333	6.102	0.209785955	86.1415	400	9.476	12.85	13.51	10	1	-999	-999
2013153	1.5	1.16	5.997	0.197612755	0	0.016666665	5.997	0.197612755	86.1415	400	9.4235	12.85	13.51	10	1	-999	-999
2013153	2	1.14	5.892	0.185439556	0	0	5.892	0.185439556	86.0938	400	9.246	12.6	13.33	10	1	-999	-999
2013153	2.5	1.22	5.6645	0.17223146	0	0	5.6645	0.17223146	86.0938	400	9.13225	12.6	13.33	10	1	-999	-999
2013153	3	1.3	5.437	0.159023364	0	0	5.437	0.159023364	86.0265	400	8.9135	12.39	13.15	10	1	-999	-999
2013153	3.5	1.215	5.3295	0.170236829	0	10.59999894	5.3295	0.170236829	86.0265	400	8.85975	12.39	13.15	10	1	-999	-999
2013153	4	1.13	5.222	0.181450295	0	21.19999788	5.222	0.181450295	85.9676	400	8.711	12.2	12.97	10	1	-999	-999
2013153	4.5	1.25	5.9305	0.217628929	0	154.4333179	5.9305	0.217628929	85.9676	400	9.06525	12.2	12.97	10	1	-999	-999
2013153	5	1.37	6.639	0.253807563	0	287.6666379	6.639	0.253807563	85.9732	400	9.3245	12.01	12.81	10	1	-999	-999
2013153	5.5	1.14	8.3295	0.379188328	0	473.1666194	8.3295	0.379188328	85.9732	400	10.16975	12.01	12.81	10	1	-999	-999
2013153	6	0.91	10.02	0.504569093	0	658.6666008	10.02	0.504569093	85.9297	400	10.965	11.91	12.64	10	1	-999	-999
2013153	6.5	0.81	11.325	0.598123032	0	845.1665822	11.325	0.598123032	85.9297	400	11.6175	11.91	12.64	10	1	-999	-999
2013153	7	0.71	12.63	0.691676971	0	1031.666564	12.63	0.691676971	85.8851	400	12.33	12.03	12.53	10	1	-999	-999
2013153	7.5	0.845	13.62	0.782352366	0	1194.166547	13.62	0.782352366	85.8851	400	12.825	12.03	12.53	10	1	-999	-999
2013153	8	0.98	14.61	0.873027761	0	1356.666531	14.61	0.873027761	85.8292	400	13.51	12.41	12.52	10	1	-999	-999
2013153	8.5	1.035	15.77	0.991936696	0	1492.666517	15.77	0.991936696	85.8292	400	14.09	12.41	12.52	10	1	-999	-999
2013153	9	1.09	16.93	1.11084563	0	1628.666504	16.93	1.11084563	85.7522	400	15.005	13.08	12.63	10	1	-999	-999
2013153	9.5	1.41	18.12	1.271935263	0	1735.666493	18.12	1.271935263	85.7522	400	15.6	13.08	12.63	10	1	-999	-999
2013153	10	1.73	19.31	1.433024896	0	1842.666482	19.31	1.433024896	85.6635	400	16.66	14.01	12.9	10	1	-999	-999
2013153	10.5	2.13	20.31	1.582885988	0	1891.333144	20.31	1.582885988	85.6635	400	17.16	14.01	12.9	10	1	-999	-999
2013153	11	2.53	21.31	1.73274708	0	1939.999806	21.31	1.73274708	85.5794	400	18.14	14.97	13.29	10	1	-999	-999
2013153	11.5	2.535	22.665	1.988965093	0	1930.83314	22.665	1.988965093	85.5794	400	18.8175	14.97	13.29	10	1	-999	-999
2013153	12	2.54	24.02	2.245183107	0	1921.666475	24.02	2.245183107	85.4749	400	19.925	15.83	13.73	10	1	-999	-999
2013153	12.5	2.725	24.945	2.462718745	0	1861.333147	24.945	2.462718745	85.4749	400	20.3875	15.83	13.73	10	1	-999	-999
2013153	13	2.91	25.87	2.680254384	0	1800.99982	25.87	2.680254384	85.3634	400	21.185	16.5	14.16	10	1	-999	-999
2013153	13.5	3.14	26.65	2.85483819	0	1689.166498	26.65	2.85483819	85.3634	400	21.575	16.5	14.16	10	1	-999	-999
2013153	14	3.37	27.43	3.029421996	0	1577.333176	27.43	3.029421996	85.252	400	22.165	16.9	14.55	10	1	-999	-999
2013153	14.5	3.51	27.86	3.141938792	0	1429.166524	27.86	3.141938792	85.252	400	22.38	16.9	14.55	10	1	-999	-999
2013153	15	3.65	28.29	3.254455588	0	1280.999872	28.29	3.254455588	85.1567	400	22.67	17.05	14.86	10	1	-999	-999
2013153	15.5	4.065	28.585	3.32903337	0	1115.999888	28.585	3.32903337	85.1567	400	22.8175	17.05	14.86	10	1	-999	-999
2013153	16	4.48	28.88	3.403611152	0	950.9999049	28.88	3.403611152	85.0726	400	22.945	17.01	15.09	10	1	-999	-999
2013153	16.5	4.44	28.445	3.298935008	0	669.999933	28.445	3.298935008	85.0726	400	22.7275	17.01	15.09	10	1	-999	-999
2013153	17	4.4	28.01	3.194258865	0	388.9999611	28.01	3.194258865	85.0192	400	22.41	16.81	15.23	10	1	-999	-999
2013153	17.5	3.865	26.605	2.876983502	0	217.1499783	26.605	2.876983502	85.0192	400	21.7075	16.81	15.23	10	1	-999	-999
2013153	18	3.33	25.2	2.559708139	0	45.29999547	25.2	2.559708139	85.0056	400	20.855	16.51	15.3	10	1	-999	-999
2013153	18.5	2.525	23.22	2.181557313	0	25.84999742	23.22	2.181557313	85.0056	400	19.865	16.51	15.3	10	1	-999	-999
2013153	19	1.72	21.24	1.803406487	0	6.39999936	21.24	1.803406487	85.0423	400	18.705	16.17	15.29	10	1	-999	-999
2013153	19.5	1.855	19.565	1.539908429	0	3.19999968	19.565	1.539908429	85.0423	400	17.8675	16.17	15.29	10	1	-999	-999
2013153	20	1.99	17.89	1.276410372	0	0	17.89	1.276410372	85.0435	400	16.855	15.82	15.23	10	1	-999	-999
2013153	20.5	1.47	16.935	1.145651641	0	0	16.935	1.145651641	85.0435	400	16.3775	15.82	15.23	10	1	-999	-999
2013153	21	0.95	15.98	1.01489291	0	0	15.98	1.01489291	85.05	400	15.73	15.48	15.12	10	1	-999	-999
2013153	21.5	0.825	15.565	0.985182976	0	0	15.565	0.985182976	85.05	400	15.5225	15.48	15.12	10	1	-999	-999
2013153	22	0.7	15.15	0.955473041	0	0	15.15	0.955473041	85.0427	400	15.135	15.12	14.98	10	1	-999	-999
2013153	22.5	1.695	14.785	0.912206411	0	0	14.785	0.912206411	85.0427	400	14.9525	15.12	14.98	10	1	-999	-999
2013153	23	2.69	14.42	0.868939781	0	0	14.42	0.868939781	84.9837	400	14.595	14.77	14.82	10	1	-999	-999
2013153	23.5	2.175	13.615	0.775549779	0	0	13.615	0.775549779	84.9837	400	14.1925	14.77	14.82	10	1	-999	-999
2013154	0	1.66	12.81	0.682159777	0	0	12.81	0.682159777	84.9265	400	13.655	14.5	14.64	10	1	-999	-999
2013154	0.5	1.51	11.935	0.585147948	0	0	11.935	0.585147948	84.9265	400	13.2175	14.5	14.64	10	1	-999	-999
2013154	1	1.36	11.06	0.488136119	0	0	11.06	0.488136119	84.9143	400	12.655	14.25	14.47	10	1	-999	-999
2013154	1.5	1.315	10.04	0.393298374	0	0	10.04	0.393298374	84.9143	400	12.145	14.25	14.47	10	1	-999	-999
2013154	2	1.27	9.02	0.29846063	0	0	9.02	0.29846063	84.8978	400	11.5	13.98	14.31	10	1	-999	-999
2013154	2.5	1.29	8.3635	0.258974863	0	0.116666655	8.3635	0.258974863	84.8978	400	11.17175	13.98	14.31	10	1	-999	-999
2013154	3	1.31	7.707	0.219489096	0	0.23333331	7.707	0.219489096	84.9076	400	10.7085	13.71	14.14	10	1	-999	-999
2013154	3.5	1.24	7.4705	0.210409931	0	11.34999887	7.4705	0.210409931	84.9076	400	10.59025	13.71	14.14	10	1	-999	-999
2013154	4	1.17	7.234	0.201330767	0	22.46666442	7.234	0.201330767	84.8994	400	10.347	13.46	13.96	10	1	-999	-999
2013154	4.5	1.195	8.357	0.256363766	0	154.2333179	8.357	0.256363766	84.8994	400	10.9085	13.46	13.96	10	1	-999	-999
2013154	5	1.22	9.48	0.311396765	0	285.9999714	9.48	0.311396765	84.9122	400	11.35	13.22	13.79	10	1	-999	-999
2013154	5.5	1.21	11.13	0.425374526	0	465.4999535	11.13	0.425374526	84.9122	400	12.175	13.22	13.79	10	1	-999	-999
2013154	6	1.2	12.78	0.539352287	0	644.9999355	12.78	0.539352287	84.8893	400	12.935	13.09	13.61	10	1	-999	-999
2013154	6.5	1.165	15.505	0.843298581	0	853.6665813	15.505	0.843298581	84.8893	400	14.2975	13.09	13.61	10	1	-999	-999
2013154	7	1.13	18.23	1.147244874	0	1062.333227	18.23	1.147244874	84.906	400	15.725	13.22	13.49	10	1	-999	-999
2013154	7.5	1.425	19.96	1.416369498	0	1243.999876	19.96	1.416369498	84.906	400	16.59	13.22	13.49	10	1	-999	-999
2013154	8	1.72	21.69	1.685494123	0	1425.666524	21.69	1.685494123	84.8632	400	17.77	13.85	13.5	10	1	-999	-999
2013154	8.5	1.625	23.945	2.076885339	0	1478.499852	23.945	2.076885339	84.8632	400	18.8975	13.85	13.5	10	1	-999	-999
2013154	9	1.53	26.2	2.468276556	0	1531.33318	26.2	2.468276556	84.8505	400	20.445	14.69	13.7	10	1	-999	-999
2013154	9.5	1.795	27.635	2.858395045	0	1643.166502	27.635	2.858395045	84.8505	400	21.1625	14.69	13.7	10	1	-999	-999
2013154	10	2.06	29.07	3.248513534	0	1754.999825	29.07	3.248513534	84.8421	400	22.345	15.62	14.03	10	1	-999	-999
2013154	10.5	2.185	29.82	3.504352136	0	1826.999817	29.82	3.504352136	84.8421	400	22.72	15.62	14.03	10	1	-999	-999
2013154	11	2.31	30.57	3.760190737	0	1898.99981	30.57	3.760190737	84.7964	400	23.61	16.65	14.49	10	1	-999	-999
2013154	11.5	2.385	31.07	3.923784608	0	1899.666477	31.07	3.923784608	84.7964	400	23.86	16.65	14.49	10	1	-999	-999
2013154	12	2.46	31.57	4.08737848	0	1900.333143	31.57	4.08737848	84.7283	400	24.6	17.63	15.03	10	1	-999	-999
2013154	12.5	2.91	31.705	4.121285577	0	1772.833156	31.705	4.121285577	84.7283	400	24.6675	17.63	15.03	10	1	-999	-999
2013154	13	3.36	31.84	4.155192674	0	1645.333169	31.84	4.155192674	84.7037	400	25.115	18.39	15.58	10	1	-999	-999
2013154	13.5	3.295	31.8	4.14110419	0	1494.999851	31.8	4.14110419	84.7037	400	25.095	18.39	15.58	10	1	-999	-999
2013154	14	3.23	31.76	4.127015705	0	1344.666532	31.76	4.127015705	84.6963	400	25.26	18.76	16.05	10	1	-999	-999
2013154	14.5	4.46	31.33	4.012853201	0	1008.833232	31.33	4.012853201	84.6963	400	25.045	18.76	16.05	10	1	-999	-999
2013154	15	5.69	30.9	3.898690697	0	672.9999327	30.9	3.898690697	84.6865	400	24.88	18.86	16.41	10	1	-999	-999
2013154	15.5	5.695	29.96	3.660998674	0	538.3332795	29.96	3.660998674	84.6865	400	24.41	18.86	16.41	10	1	-999	-999
2013154	16	5.7	29.02	3.423306652	0	403.6666263	29.02	3.423306652	84.7345	400	23.795	18.57	16.64	10	1	-999	-999
2013154	16.5	5.145	28.56	3.311489523	0	310.8833022	28.56	3.311489523	84.7345	400	23.565	18.57	16.64	10	1	-999	-999
2013154	17	4.59	28.1	3.199672394	0	218.0999782	28.1	3.199672394	84.7726	400	23.105	18.11	16.7	10	1	-999	-999
2013154	17.5	4.39	27.585	3.054320203	0	213.8499786	27.585	3.054320203	84.7726	400	22.8475	18.11	16.7	10	1	-999	-999
2013154	18	4.19	27.07	2.908968012	0	209.599979	27.07	2.908968012	84.8379	400	22.39	17.71	16.67	10	1	-999	-999
2013154	18.5	3.835	25.995	2.694278567	0	125.3333208	25.995	2.694278567	84.8379	400	21.8525	17.71	16.67	10	1	-999	-999
2013154	19	3.48	24.92	2.479589122	0	41.06666256	24.92	2.479589122	84.9184	400	21.145	17.37	16.58	10	1	-999	-999
2013154	19.5	3.435	23.265	2.229152005	0	20.53333128	23.265	2.229152005	84.9184	400	20.3175	17.37	16.58	10	1	-999	-999
2013154	20	3.39	21.61	1.978714889	0	0	21.61	1.978714889	85.0909	400	19.33	17.05	16.48	10	1	-999	-999
2013154	20.5	3.495	20.755	1.84160221	0	0	20.755	1.84160221	85.0909	400	18.9025	17.05	16.48	10	1	-999	-999
2013154	21	3.6	19.9	1.704489532	0	0	19.9	1.704489532	85.2373	400	18.3	16.7	16.34	10	1	-999	-999
2013154	21.5	3.525	18.325	1.359488837	0	0	18.325	1.359488837	85.2373	400	17.5125	16.7	16.34	10	1	-999	-999
2013154	22	3.45	16.75	1.014488143	0	0	16.75	1.014488143	85.2646	400	16.545	16.34	16.17	10	1	-999	-999
2013154	22.5	3.225	16.105	0.856969592	0	0	16.105	0.856969592	85.2646	400	16.2225	16.34	16.17	10	1	-999	-999
2013154	23	3	15.46	0.699451042	0	0	15.46	0.699451042	85.3413	400	15.735	16.01	15.98	10	1	-999	-999
2013154	23.5	3.315	14.83	0.636626806	0	0	14.83	0.636626806	85.3413	400	15.42	16.01	15.98	10	1	-999	-999
2013155	0	3.63	14.2	0.57380257	0	0	14.2	0.57380257	85.3873	400	14.965	15.73	15.8	10	1	-999	-999
2013155	0.5	3.56	14.025	0.546035566	0	0	14.025	0.546035566	85.3873	400	14.8775	15.73	15.8	10	1	-999	-999
2013155	1	3.49	13.85	0.518268562	0	0	13.85	0.518268562	85.4301	400	14.66	15.47	15.62	10	1	-999	-999
2013155	1.5	3.905	13.46	0.497927996	0	0	13.46	0.497927996	85.4301	400	14.465	15.47	15.62	10	1	-999	-999
2013155	2	4.32	13.07	0.47758743	0	0	13.07	0.47758743	85.4843	400	14.155	15.24	15.45	10	1	-999	-999
2013155	2.5	4.1	12.17	0.442255345	0	0	12.17	0.442255345	85.4843	400	13.705	15.24	15.45	10	1	-999	-999
2013155	3	3.88	11.27	0.40692326	0	0	11.27	0.40692326	85.5696	400	13.135	15	15.28	10	1	-999	-999
2013155	3.5	2.925	10.64	0.340254411	0	11.68333217	10.64	0.340254411	85.5696	400	12.82	15	15.28	10	1	-999	-999
2013155	4	1.97	10.01	0.273585563	0	23.36666433	10.01	0.273585563	85.6774	400	12.385	14.76	15.11	10	1	-999	-999
2013155	4.5	2.26	10.675	0.343210223	0	113.9333219	10.675	0.343210223	85.6774	400	12.7175	14.76	15.11	10	1	-999	-999
2013155	5	2.55	11.34	0.412834884	0	204.4999796	11.34	0.412834884	85.77	400	12.94	14.54	14.94	10	1	-999	-999
2013155	5.5	2.6	12.06	0.508513669	0	380.7499619	12.06	0.508513669	85.77	400	13.3	14.54	14.94	10	1	-999	-999
2013155	6	2.65	12.78	0.604192453	0	556.9999443	12.78	0.604192453	85.7972	400	13.605	14.43	14.78	10	1	-999	-999
2013155	6.5	2.69	13.47	0.67611845	0	637.4999363	13.47	0.67611845	85.7972	400	13.95	14.43	14.78	10	1	-999	-999
2013155	7	2.73	14.16	0.748044448	0	717.9999282	14.16	0.748044448	85.8101	400	14.305	14.45	14.66	10	1	-999	-999
2013155	7.5	2.68	15.05	0.816905182	0	919.4999081	15.05	0.816905182	85.8101	400	14.75	14.45	14.66	10	1	-999	-999
2013155	8	2.63	15.94	0.885765916	0	1120.999888	15.94	0.885765916	85.7864	400	15.285	14.63	14.6	10	1	-999	-999
2013155	8.5	2.81	16.515	0.931032726	0	1314.833202	16.515	0.931032726	85.7864	400	15.5725	14.63	14.6	10	1	-999	-999
2013155	9	2.99	17.09	0.976299535	0	1508.666516	17.09	0.976299535	85.7629	400	16.055	15.02	14.62	10	1	-999	-999
2013155	9.5	3.015	17.515	1.013454889	0	1624.333171	17.515	1.013454889	85.7629	400	16.2675	15.02	14.62	10	1	-999	-999
2013155	10	3.04	17.94	1.050610243	0	1739.999826	17.94	1.050610243	85.7234	400	16.76	15.58	14.74	10	1	-999	-999
2013155	10.5	2.635	18.51	1.10490641	0	1827.999817	18.51	1.10490641	85.7234	400	17.045	15.58	14.74	10	1	-999	-999
2013155	11	2.23	19.08	1.159202578	0	1915.999808	19.08	1.159202578	85.6693	400	17.7	16.32	14.96	10	1	-999	-999
2013155	11.5	2.15	19.72	1.233354033	0	1910.166476	19.72	1.233354033	85.6693	400	18.02	16.32	14.96	10	1	-999	-999
2013155	12	2.07	20.36	1.307505488	0	1904.333143	20.36	1.307505488	85.6204	400	18.77	17.18	15.27	10	1	-999	-999
2013155	12.5	2.405	21.14	1.448029244	0	1842.833149	21.14	1.448029244	85.6204	400	19.16	17.18	15.27	10	1	-999	-999
2013155	13	2.74	21.92	1.588553	0	1781.333155	21.92	1.588553	85.5537	400	19.925	17.93	15.64	10	1	-999	-999
2013155	13.5	3.11	22.235	1.674171529	0	1456.499854	22.235	1.674171529	85.5537	400	20.0825	17.93	15.64	10	1	-999	-999
2013155	14	3.48	22.55	1.759790059	0	1131.666554	22.55	1.759790059	85.5174	400	20.435	18.32	16.02	10	1	-999	-999
2013155	14.5	3.535	22.925	1.829225061	0	1031.83323	22.925	1.829225061	85.5174	400	20.6225	18.32	16.02	10	1	-999	-999
2013155	15	3.59	23.3	1.898660062	0	931.9999068	23.3	1.898660062	85.5004	400	20.8	18.3	16.29	10	1	-999	-999
2013155	15.5	3.76	23.26	1.899766403	0	707.8332626	23.26	1.899766403	85.5004	400	20.78	18.3	16.29	10	1	-999	-999
2013155	16	3.93	23.22	1.900872743	0	483.6666183	23.22	1.900872743	85.4719	400	20.69	18.16	16.45	10	1	-999	-999
2013155	16.5	3.555	22.955	1.841967477	0	375.6666291	22.955	1.841967477	85.4719	400	20.5575	18.16	16.45	10	1	-999	-999
2013155	17	3.18	22.69	1.78306221	0	267.6666399	22.69	1.78306221	85.4924	400	20.3	17.91	16.53	10	1	-999	-999
2013155	17.5	5.145	20.385	1.341780114	0	154.5166512	20.385	1.341780114	85.4924	400	19.1475	17.91	16.53	10	1	-999	-999
2013155	18	7.11	18.08	0.900498017	5.588	41.36666253	18.08	0.900498017	85.5753	400	17.85	17.62	16.54	10	1	-999	-999
2013155	18.5	7.62	15.685	0.584322446	0	30.3833303	15.685	0.584322446	85.5753	400	16.6525	17.62	16.54	10	1	-999	-999
2013155	19	8.13	13.29	0.268146874	0.508	19.39999806	13.29	0.268146874	85.7811	400	15.18	17.07	16.49	10	1	-999	-999
2013155	19.5	7.18	13.155	0.313707475	0	9.69999903	13.155	0.313707475	85.7811	400	15.1125	17.07	16.49	10	1	-999	-999
2013155	20	6.23	13.02	0.359268076	0	0	13.02	0.359268076	85.9434	400	14.8	16.58	16.32	10	1	-999	-999
2013155	20.5	5.475	12.92	0.373925659	0	0	12.92	0.373925659	85.9434	400	14.75	16.58	16.32	10	1	-999	-999
2013155	21	4.72	12.82	0.388583242	0	0	12.82	0.388583242	86.0689	400	14.53	16.24	16.13	10	1	-999	-999
2013155	21.5	4.63	12.455	0.404846522	0	0	12.455	0.404846522	86.0689	400	14.3475	16.24	16.13	10	1	-999	-999
2013155	22	4.54	12.09	0.421109801	0	0	12.09	0.421109801	86.1667	400	14.025	15.96	15.95	10	1	-999	-999
2013155	22.5	4.055	11.78	0.395772274	0	0	11.78	0.395772274	86.1667	400	13.87	15.96	15.95	10	1	-999	-999
2013155	23	3.57	11.47	0.370434747	0	0	11.47	0.370434747	86.1939	400	13.585	15.7	15.78	10	1	-999	-999
2013155	23.5	3.505	11.29	0.359470793	0	0	11.29	0.359470793	86.1939	400	13.495	15.7	15.78	10	1	-999	-999
2013156	0	3.44	11.11	0.348506839	0	0	11.11	0.348506839	86.1693	400	13.29	15.47	15.63	10	1	-999	-999
2013156	0.5	3.04	10.84	0.331538873	0	0	10.84	0.331538873	86.1693	400	13.155	15.47	15.63	10	1	-999	-999
2013156	1	2.64	10.57	0.314570907	0	0	10.57	0.314570907	86.1655	400	12.91	15.25	15.47	10	1	-999	-999
2013156	1.5	2.65	10.31	0.300595336	0	0	10.31	0.300595336	86.1655	400	12.78	15.25	15.47	10	1	-999	-999
2013156	2	2.66	10.05	0.286619766	0	0	10.05	0.286619766	86.147	400	12.555	15.06	15.32	10	1	-999	-999
2013156	2.5	2.75	9.875	0.301324349	0	0	9.875	0.301324349	86.147	400	12.4675	15.06	15.32	10	1	-999	-999
2013156	3	2.84	9.7	0.316028932	0	0	9.7	0.316028932	86.1552	400	12.295	14.89	15.17	10	1	-999	-999
2013156	3.5	2.665	9.545	0.296886161	0	1.59999984	9.545	0.296886161	86.1552	400	12.2175	14.89	15.17	10	1	-999	-999
2013156	4	2.49	9.39	0.27774339	0	3.19999968	9.39	0.27774339	86.1892	400	12.05	14.71	15.03	10	1	-999	-999
2013156	4.5	2.635	9.345	0.266962324	0	20.06666466	9.345	0.266962324	86.1892	400	12.0275	14.71	15.03	10	1	-999	-999
2013156	5	2.78	9.3	0.256181257	0	36.93332964	9.3	0.256181257	86.2702	400	11.925	14.55	14.89	10	1	-999	-999
2013156	5.5	2.55	9.355	0.250061446	0	109.799989	9.355	0.250061446	86.2702	400	11.9525	14.55	14.89	10	1	-999	-999
2013156	6	2.32	9.41	0.243941635	0	182.6666484	9.41	0.243941635	86.2971	400	11.91	14.41	14.75	10	1	-999	-999
2013156	6.5	2.085	9.455	0.23578936	0	272.4999728	9.455	0.23578936	86.2971	400	11.9325	14.41	14.75	10	1	-999	-999
2013156	7	1.85	9.5	0.227637085	0	362.3332971	9.5	0.227637085	86.2836	400	11.925	14.35	14.62	10	1	-999	-999
2013156	7.5	2.045	9.635	0.225492243	0	424.3332909	9.635	0.225492243	86.2836	400	11.9925	14.35	14.62	10	1	-999	-999
2013156	8	2.24	9.77	0.223347401	0	486.3332847	9.77	0.223347401	86.26	400	12.085	14.4	14.53	10	1	-999	-999
2013156	8.5	1.77	10.155	0.275000295	0	578.4999422	10.155	0.275000295	86.26	400	12.2775	14.4	14.53	10	1	-999	-999
2013156	9	1.3	10.54	0.326653189	0	670.6665996	10.54	0.326653189	86.2149	400	12.525	14.51	14.48	10	1	-999	-999
2013156	9.5	1.455	11.125	0.382409302	0	714.6665952	11.125	0.382409302	86.2149	400	12.8175	14.51	14.48	10	1	-999	-999
2013156	10	1.61	11.71	0.438165416	0	758.6665908	11.71	0.438165416	86.18	400	13.215	14.72	14.47	10	1	-999	-999
2013156	10.5	1.61	12.215	0.467885447	0	901.8332432	12.215	0.467885447	86.18	400	13.4675	14.72	14.47	10	1	-999	-999
2013156	11	1.61	12.72	0.497605478	0	1044.999896	12.72	0.497605478	86.1284	400	13.855	14.99	14.52	10	1	-999	-999
2013156	11.5	1.29	13.535	0.577672352	0	1133.499887	13.535	0.577672352	86.1284	400	14.2625	14.99	14.52	10	1	-999	-999
2013156	12	0.97	14.35	0.657739226	0	1221.999878	14.35	0.657739226	86.08	400	14.855	15.36	14.61	10	1	-999	-999
2013156	12.5	1.155	14.865	0.704710311	0	1320.166535	14.865	0.704710311	86.08	400	15.1125	15.36	14.61	10	1	-999	-999
2013156	13	1.34	15.38	0.751681397	0	1418.333192	15.38	0.751681397	86.0345	400	15.62	15.86	14.77	10	1	-999	-999
2013156	13.5	1.59	15.94	0.817954494	0	1544.666512	15.94	0.817954494	86.0345	400	15.9	15.86	14.77	10	1	-999	-999
2013156	14	1.84	16.5	0.884227591	0	1670.999833	16.5	0.884227591	85.9816	400	16.455	16.41	14.98	10	1	-999	-999
2013156	14.5	1.575	16.22	0.863304527	0	1217.999878	16.22	0.863304527	85.9816	400	16.315	16.41	14.98	10	1	-999	-999
2013156	15	1.31	15.94	0.842381463	0	764.9999235	15.94	0.842381463	85.9532	400	16.455	16.97	15.27	10	1	-999	-999
2013156	15.5	1.165	16.275	0.886214994	0	798.4999202	16.275	0.886214994	85.9532	400	16.6225	16.97	15.27	10	1	-999	-999
2013156	16	1.02	16.61	0.930048526	0	831.9999168	16.61	0.930048526	85.9365	400	16.825	17.04	15.54	10	1	-999	-999
2013156	16.5	1.45	16.815	0.94230215	0	727.6665939	16.815	0.94230215	85.9365	400	16.9275	17.04	15.54	10	1	-999	-999
2013156	17	1.88	17.02	0.954555774	0	623.333271	17.02	0.954555774	85.9161	400	17.01	17	15.7	10	1	-999	-999
2013156	17.5	2.165	16.695	0.918536929	0	424.5666242	16.695	0.918536929	85.9161	400	16.8475	17	15.7	10	1	-999	-999
2013156	18	2.45	16.37	0.882518085	0	225.7999774	16.37	0.882518085	85.9391	400	16.61	16.85	15.79	10	1	-999	-999
2013156	18.5	2.115	15.52	0.739506254	0	119.749988	15.52	0.739506254	85.9391	400	16.185	16.85	15.79	10	1	-999	-999
2013156	19	1.78	14.67	0.596494423	0	13.69999863	14.67	0.596494423	85.9686	400	15.605	16.54	15.81	10	1	-999	-999
2013156	19.5	0.935	13.76	0.490699951	0	6.849999315	13.76	0.490699951	85.9686	400	15.15	16.54	15.81	10	1	-999	-999
2013156	20	0.09	12.85	0.384905479	0	0	12.85	0.384905479	86.0018	400	14.505	16.16	15.75	10	1	-999	-999
2013156	20.5	0.05	12.45	0.334326519	0	0	12.45	0.334326519	86.0018	400	14.305	16.16	15.75	10	1	-999	-999
2013156	21	0.01	12.05	0.28374756	0	0	12.05	0.28374756	86.0159	400	13.91	15.77	15.63	10	1	-999	-999
2013156	21.5	0.03	11.39	0.237126688	0	0	11.39	0.237126688	86.0159	400	13.58	15.77	15.63	10	1	-999	-999
2013156	22	0.05	10.73	0.190505816	0	0	10.73	0.190505816	85.9995	400	13.06	15.39	15.47	10	1	-999	-999
2013156	22.5	0.025	10.425	0.166934998	0	0	10.425	0.166934998	85.9995	400	12.9075	15.39	15.47	10	1	-999	-999
2013156	23	0	10.12	0.143364179	0	0	10.12	0.143364179	85.9455	400	12.58	15.04	15.28	10	1	-999	-999
2013156	23.5	0.025	9.67	0.118221965	0	0.016666665	9.67	0.118221965	85.9455	400	12.355	15.04	15.28	10	1	-999	-999
2013157	0	0.05	9.22	0.093079751	0	0.03333333	9.22	0.093079751	85.9151	400	11.965	14.71	15.09	10	1	-999	-999
2013157	0.5	0.18	8.825	0.07963155	0	0.06666666	8.825	0.07963155	85.9151	400	11.7675	14.71	15.09	10	1	-999	-999
2013157	1	0.31	8.43	0.066183348	0	0.09999999	8.43	0.066183348	85.8771	400	11.42	14.41	14.89	10	1	-999	-999
2013157	1.5	0.17	8.194	0.059798723	0	0.116666655	8.194	0.059798723	85.8771	400	11.302	14.41	14.89	10	1	-999	-999
2013157	2	0.03	7.958	0.053414098	0	0.13333332	7.958	0.053414098	85.8479	400	11.049	14.14	14.69	10	1	-999	-999
2013157	2.5	0.295	7.2525	0.04610763	0	0.116666655	7.2525	0.04610763	85.8479	400	10.69625	14.14	14.69	10	1	-999	-999
2013157	3	0.56	6.547	0.038801162	0	0.09999999	6.547	0.038801162	85.8258	400	10.2135	13.88	14.5	10	1	-999	-999
2013157	3.5	0.815	5.9165	0.036737411	0	10.09999899	5.9165	0.036737411	85.8258	400	9.89825	13.88	14.5	10	1	-999	-999
2013157	4	1.07	5.286	0.034673659	0	20.09999799	5.286	0.034673659	85.8192	400	9.453	13.62	14.31	10	1	-999	-999
2013157	4.5	0.7	6.511	0.059427381	0	134.0499866	6.511	0.059427381	85.8192	400	10.0655	13.62	14.31	10	1	-999	-999
2013157	5	0.33	7.736	0.084181103	0	247.9999752	7.736	0.084181103	85.8537	400	10.568	13.4	14.12	10	1	-999	-999
2013157	5.5	0.26	9.183	0.146941046	0	437.6666229	9.183	0.146941046	85.8537	400	11.2915	13.4	14.12	10	1	-999	-999
2013157	6	0.19	10.63	0.209700989	0	627.3332706	10.63	0.209700989	85.8768	400	11.965	13.3	13.94	10	1	-999	-999
2013157	6.5	0.18	12.425	0.36460997	0	807.166586	12.425	0.36460997	85.8768	400	12.8625	13.3	13.94	10	1	-999	-999
2013157	7	0.17	14.22	0.51951895	0	986.9999013	14.22	0.51951895	85.8938	400	13.84	13.46	13.82	10	1	-999	-999
2013157	7.5	0.325	15.41	0.638706757	0	1158.999884	15.41	0.638706757	85.8938	400	14.435	13.46	13.82	10	1	-999	-999
2013157	8	0.48	16.6	0.757894564	0	1330.999867	16.6	0.757894564	85.8941	400	15.32	14.04	13.82	10	1	-999	-999
2013157	8.5	0.7	17.485	0.856438452	0	1471.499853	17.485	0.856438452	85.8941	400	15.7625	14.04	13.82	10	1	-999	-999
2013157	9	0.92	18.37	0.95498234	0	1611.999839	18.37	0.95498234	85.8715	400	16.9	15.43	14.07	10	1	-999	-999
2013157	9.5	1.1	19.7	1.296782009	0	1698.833163	19.7	1.296782009	85.8715	400	17.565	15.43	14.07	10	1	-999	-999
2013157	10	1.28	21.03	1.638581677	0	1785.666488	21.03	1.638581677	85.8466	400	18.895	16.76	14.64	10	1	-999	-999
2013157	10.5	1.25	21.61	1.768219149	0	1843.499816	21.61	1.768219149	85.8466	400	19.185	16.76	14.64	10	1	-999	-999
2013157	11	1.22	22.19	1.897856621	0	1901.333143	22.19	1.897856621	85.8164	400	19.97	17.75	15.24	10	1	-999	-999
2013157	11.5	1.275	22.91	2.011998727	0	1899.99981	22.91	2.011998727	85.8164	400	20.33	17.75	15.24	10	1	-999	-999
2013157	12	1.33	23.63	2.126140834	0	1898.666477	23.63	2.126140834	85.7729	400	21.115	18.6	15.82	10	1	-999	-999
2013157	12.5	1.38	24.215	2.253402127	0	1839.999816	24.215	2.253402127	85.7729	400	21.4075	18.6	15.82	10	1	-999	-999
2013157	13	1.43	24.8	2.38066342	0	1781.333155	24.8	2.38066342	85.7147	400	22.065	19.33	16.37	10	1	-999	-999
2013157	13.5	2.015	25.25	2.479117251	0	1676.499832	25.25	2.479117251	85.7147	400	22.29	19.33	16.37	10	1	-999	-999
2013157	14	2.6	25.7	2.577571081	0	1571.66651	25.7	2.577571081	85.6592	400	22.75	19.8	16.88	10	1	-999	-999
2013157	14.5	2.745	25.775	2.597395759	0	1415.166525	25.775	2.597395759	85.6592	400	22.7875	19.8	16.88	10	1	-999	-999
2013157	15	2.89	25.85	2.617220437	0	1258.666541	25.85	2.617220437	85.6311	400	22.88	19.91	17.27	10	1	-999	-999
2013157	15.5	2.805	25.92	2.646556907	0	1092.999891	25.92	2.646556907	85.6311	400	22.915	19.91	17.27	10	1	-999	-999
2013157	16	2.72	25.99	2.675893378	0	927.3332406	25.99	2.675893378	85.6037	400	22.885	19.78	17.52	10	1	-999	-999
2013157	16.5	2.845	25.85	2.653881489	0	781.1665886	25.85	2.653881489	85.6037	400	22.815	19.78	17.52	10	1	-999	-999
2013157	17	2.97	25.71	2.631869601	0	634.9999365	25.71	2.631869601	85.6066	400	22.62	19.53	17.64	10	1	-999	-999
2013157	17.5	3.575	24.87	2.43174216	0	445.5499554	24.87	2.43174216	85.6066	400	22.2	19.53	17.64	10	1	-999	-999
2013157	18	4.18	24.03	2.231614719	0	256.0999744	24.03	2.231614719	85.646	400	21.61	19.19	17.67	10	1	-999	-999
2013157	18.5	3.495	22.31	1.902324397	0	132.5999867	22.31	1.902324397	85.646	400	20.75	19.19	17.67	10	1	-999	-999
2013157	19	2.81	20.59	1.573034075	0	9.09999909	20.59	1.573034075	85.7103	400	19.685	18.78	17.64	10	1	-999	-999
2013157	19.5	2.63	19.395	1.360103372	0	4.549999545	19.395	1.360103372	85.7103	400	19.0875	18.78	17.64	10	1	-999	-999
2013157	20	2.45	18.2	1.147172668	0	0	18.2	1.147172668	85.7787	400	18.27	18.34	17.53	10	1	-999	-999
2013157	20.5	2.04	17.145	1.01616733	0	0	17.145	1.01616733	85.7787	400	17.7425	18.34	17.53	10	1	-999	-999
2013157	21	1.63	16.09	0.885161993	0	0	16.09	0.885161993	85.864	400	17.015	17.94	17.37	10	1	-999	-999
2013157	21.5	1.105	15.36	0.784099763	0	0	15.36	0.784099763	85.864	400	16.65	17.94	17.37	10	1	-999	-999
2013157	22	0.58	14.63	0.683037533	0	0	14.63	0.683037533	85.9118	400	16.095	17.56	17.2	10	1	-999	-999
2013157	22.5	1.1	13.245	0.530874035	0	0	13.245	0.530874035	85.9118	400	15.4025	17.56	17.2	10	1	-999	-999
2013157	23	1.62	11.86	0.378710536	0	0	11.86	0.378710536	85.903	400	14.525	17.19	17.01	10	1	-999	-999
2013157	23.5	1.49	11.685	0.379129744	0	0	11.685	0.379129744	85.903	400	14.4375	17.19	17.01	10	1	-999	-999
2013158	0	1.36	11.51	0.379548952	0	0	11.51	0.379548952	85.9033	400	14.18	16.85	16.81	10	1	-999	-999
2013158	0.5	1.56	11.395	0.347978915	0	0	11.395	0.347978915	85.9033	400	14.1225	16.85	16.81	10	1	-999	-999
2013158	1	1.76	11.28	0.316408878	0	0	11.28	0.316408878	85.8846	400	13.905	16.53	16.61	10	1	-999	-999
2013158	1.5	2.035	11.22	0.291977458	0	0	11.22	0.291977458	85.8846	400	13.875	16.53	16.61	10	1	-999	-999
2013158	2	2.31	11.16	0.267546039	0	0	11.16	0.267546039	85.8441	400	13.705	16.25	16.4	10	1	-999	-999
2013158	2.5	1.84	10.905	0.240043559	0	0	10.905	0.240043559	85.8441	400	13.5775	16.25	16.4	10	1	-999	-999
2013158	3	1.37	10.65	0.212541079	0	0	10.65	0.212541079	85.8172	400	13.325	16	16.21	10	1	-999	-999
2013158	3.5	1.275	10.32	0.193259786	0	9.483332385	10.32	0.193259786	85.8172	400	13.16	16	16.21	10	1	-999	-999
2013158	4	1.18	9.99	0.173978494	0	18.96666477	9.99	0.173978494	85.8374	400	12.88	15.77	16.02	10	1	-999	-999
2013158	4.5	1.28	10.43	0.190928248	0	93.78332396	10.43	0.190928248	85.8374	400	13.1	15.77	16.02	10	1	-999	-999
2013158	5	1.38	10.87	0.207878002	10	168.5999831	10.87	0.207878002	85.8272	400	13.205	15.54	15.84	10	1	-999	-999
2013158	5.5	1.045	12.56	0.329339221	10.3	372.6332961	12.56	0.329339221	85.8272	400	14.05	15.54	15.84	10	1	-999	-999
2013158	6	0.71	14.25	0.45080044	0	576.666609	14.25	0.45080044	85.7997	400	14.835	15.42	15.67	10	1	-999	-999
2013158	6.5	0.895	15.795	0.616611186	0	785.9999214	15.795	0.616611186	85.7997	400	15.6075	15.42	15.67	10	1	-999	-999
2013158	7	1.08	17.34	0.782421931	0	995.3332338	17.34	0.782421931	85.762	400	16.415	15.49	15.54	10	1	-999	-999
2013158	7.5	1.03	18.36	0.925608178	0	1148.333219	18.36	0.925608178	85.762	400	16.925	15.49	15.54	10	1	-999	-999
2013158	8	0.98	19.38	1.068794426	0	1301.333203	19.38	1.068794426	85.7246	400	17.61	15.84	15.5	10	1	-999	-999
2013158	8.5	1.62	20.04	1.200782284	0	1439.833189	20.04	1.200782284	85.7246	400	17.94	15.84	15.5	10	1	-999	-999
2013158	9	2.26	20.7	1.332770142	0	1578.333176	20.7	1.332770142	85.6539	400	18.575	16.45	15.6	10	1	-999	-999
2013158	9.5	3.085	21.76	1.574678271	0	1680.833165	21.76	1.574678271	85.6539	400	19.105	16.45	15.6	10	1	-999	-999
2013158	10	3.91	22.82	1.8165864	0	1783.333155	22.82	1.8165864	85.601	400	19.995	17.17	15.82	10	1	-999	-999
2013158	10.5	3.51	23.545	1.954023597	0	1857.333148	23.545	1.954023597	85.601	400	20.3575	17.17	15.82	10	1	-999	-999
2013158	11	3.11	24.27	2.091460795	0	1931.33314	24.27	2.091460795	85.5271	400	21.04	17.81	16.12	10	1	-999	-999
2013158	11.5	3.09	25.145	2.265122991	0	1896.666477	25.145	2.265122991	85.5271	400	21.4775	17.81	16.12	10	1	-999	-999
2013158	12	3.07	26.02	2.438785188	0	1861.999814	26.02	2.438785188	85.4395	400	22.24	18.46	16.46	10	1	-999	-999
2013158	12.5	2.39	26.32	2.52799899	0	1539.499846	26.32	2.52799899	85.4395	400	22.39	18.46	16.46	10	1	-999	-999
2013158	13	1.71	26.62	2.617212793	0	1216.999878	26.62	2.617212793	85.3638	400	22.82	19.02	16.82	10	1	-999	-999
2013158	13.5	2.03	26.9	2.670001195	0	1255.499874	26.9	2.670001195	85.3638	400	22.96	19.02	16.82	10	1	-999	-999
2013158	14	2.35	27.18	2.722789597	0	1293.999871	27.18	2.722789597	85.2943	400	23.245	19.31	17.17	10	1	-999	-999
2013158	14.5	1.915	27.335	2.77521594	0	1217.333212	27.335	2.77521594	85.2943	400	23.3225	19.31	17.17	10	1	-999	-999
2013158	15	1.48	27.49	2.827642284	0	1140.666553	27.49	2.827642284	85.1913	400	23.46	19.43	17.43	10	1	-999	-999
2013158	15.5	1.455	27.51	2.845641022	0	916.4999084	27.51	2.845641022	85.1913	400	23.47	19.43	17.43	10	1	-999	-999
2013158	16	1.43	27.53	2.86363976	0	692.3332641	27.53	2.86363976	85.133	400	23.525	19.52	17.64	10	1	-999	-999
2013158	16.5	1.49	27.245	2.814800377	0	539.6666127	27.245	2.814800377	85.133	400	23.3825	19.52	17.64	10	1	-999	-999
2013158	17	1.55	26.96	2.765960995	0	386.9999613	26.96	2.765960995	85.0556	400	23.22	19.48	17.79	10	1	-999	-999
2013158	17.5	2.05	26.225	2.514195396	0	320.399968	26.225	2.514195396	85.0556	400	22.8525	19.48	17.79	10	1	-999	-999
2013158	18	2.55	25.49	2.262429798	0	253.7999746	25.49	2.262429798	85.0448	400	22.375	19.26	17.87	10	1	-999	-999
2013158	18.5	2.125	24.195	2.014658814	0	132.0166535	24.195	2.014658814	85.0448	400	21.7275	19.26	17.87	10	1	-999	-999
2013158	19	1.7	22.9	1.76688783	0	10.23333231	22.9	1.76688783	85.0279	400	20.93	18.96	17.88	10	1	-999	-999
2013158	19.5	2.27	22.255	1.675702806	0	5.116666155	22.255	1.675702806	85.0279	400	20.6075	18.96	17.88	10	1	-999	-999
2013158	20	2.84	21.61	1.584517782	0	0	21.61	1.584517782	85.0129	400	20.1	18.59	17.82	10	1	-999	-999
2013158	20.5	2.31	20.105	1.307689402	0	0	20.105	1.307689402	85.0129	400	19.3475	18.59	17.82	10	1	-999	-999
2013158	21	1.78	18.6	1.030861021	0	0	18.6	1.030861021	84.9816	400	18.415	18.23	17.7	10	1	-999	-999
2013158	21.5	1.435	18.52	1.022547083	0	0	18.52	1.022547083	84.9816	400	18.375	18.23	17.7	10	1	-999	-999
2013158	22	1.09	18.44	1.014233145	0	0	18.44	1.014233145	84.9279	400	18.17	17.9	17.55	10	1	-999	-999
2013158	22.5	0.94	18.09	0.951890491	0	0	18.09	0.951890491	84.9279	400	17.995	17.9	17.55	10	1	-999	-999
2013158	23	0.79	17.74	0.889547837	0	0	17.74	0.889547837	84.8741	400	17.685	17.63	17.39	10	1	-999	-999
2013158	23.5	0.87	16.625	0.742862858	0	0	16.625	0.742862858	84.8741	400	17.1275	17.63	17.39	10	1	-999	-999
2013159	0	0.95	15.51	0.596177879	0	0	15.51	0.596177879	84.8335	400	16.455	17.4	17.24	10	1	-999	-999
2013159	0.5	0.795	14.72	0.530776493	0	0	14.72	0.530776493	84.8335	400	16.06	17.4	17.24	10	1	-999	-999
2013159	1	0.64	13.93	0.465375107	0	0	13.93	0.465375107	84.7996	400	15.53	17.13	17.1	10	1	-999	-999
2013159	1.5	0.815	13.125	0.387111798	0	0	13.125	0.387111798	84.7996	400	15.1275	17.13	17.1	10	1	-999	-999
2013159	2	0.99	12.32	0.308848489	0	0	12.32	0.308848489	84.7879	400	14.57	16.82	16.92	10	1	-999	-999
2013159	2.5	1.15	11.94	0.278185987	0	0	11.94	0.278185987	84.7879	400	14.38	16.82	16.92	10	1	-999	-999
2013159	3	1.31	11.56	0.247523485	0	0	11.56	0.247523485	84.7807	400	14.05	16.54	16.74	10	1	-999	-999
2013159	3.5	1.25	11.6	0.265953231	0	7.116665955	11.6	0.265953231	84.7807	400	14.07	16.54	16.74	10	1	-999	-999
2013159	4	1.19	11.64	0.284382977	0	14.23333191	11.64	0.284382977	84.837	400	13.96	16.28	16.55	10	1	-999	-999
2013159	4.5	2.705	12.955	0.396298053	0	111.8166555	12.955	0.396298053	84.837	400	14.6175	16.28	16.55	10	1	-999	-999
2013159	5	4.22	14.27	0.508213129	0	209.3999791	14.27	0.508213129	84.9111	400	15.17	16.07	16.37	10	1	-999	-999
2013159	5.5	6.905	15.83	0.643582021	0	395.6999604	15.83	0.643582021	84.9111	400	15.95	16.07	16.37	10	1	-999	-999
2013159	6	9.59	17.39	0.778950913	0	581.9999418	17.39	0.778950913	85.0683	400	16.655	15.92	16.19	10	1	-999	-999
2013159	6.5	10.19	17.73	0.847716919	0	782.9999217	17.73	0.847716919	85.0683	400	16.825	15.92	16.19	10	1	-999	-999
2013159	7	10.79	18.07	0.916482925	0	983.9999016	18.07	0.916482925	85.1345	400	16.965	15.86	16.06	10	1	-999	-999
2013159	7.5	10.27	18.78	1.07882454	0	1113.666555	18.78	1.07882454	85.1345	400	17.32	15.86	16.06	10	1	-999	-999
2013159	8	9.75	19.49	1.241166155	0	1243.333209	19.49	1.241166155	85.1923	400	17.695	15.9	15.98	10	1	-999	-999
2013159	8.5	8.995	20	1.370720455	0	1044.833229	20	1.370720455	85.1923	400	17.95	15.9	15.98	10	1	-999	-999
2013159	9	8.24	20.51	1.500274755	0	846.3332487	20.51	1.500274755	85.2035	400	18.265	16.02	15.95	10	1	-999	-999
2013159	9.5	7.865	21.85	1.768339639	0	1250.499875	21.85	1.768339639	85.2035	400	18.935	16.02	15.95	10	1	-999	-999
2013159	10	7.49	23.19	2.036404523	0	1654.666501	23.19	2.036404523	85.2462	400	19.67	16.15	15.97	10	1	-999	-999
2013159	10.5	7.495	23.755	2.150555766	0	1681.333165	23.755	2.150555766	85.2462	400	19.9525	16.15	15.97	10	1	-999	-999
2013159	11	7.5	24.32	2.264707009	0	1707.999829	24.32	2.264707009	85.2583	400	20.435	16.55	16.05	10	1	-999	-999
2013159	11.5	7.085	24.6	2.311117684	0	1712.999829	24.6	2.311117684	85.2583	400	20.575	16.55	16.05	10	1	-999	-999
2013159	12	6.67	24.88	2.357528359	0	1717.999828	24.88	2.357528359	85.2421	400	20.925	16.97	16.23	10	1	-999	-999
2013159	12.5	6.16	24.655	2.332354957	0	1255.499874	24.655	2.332354957	85.2421	400	20.8125	16.97	16.23	10	1	-999	-999
2013159	13	5.65	24.43	2.307181555	0	792.9999207	24.43	2.307181555	85.2218	400	20.83	17.23	16.46	10	1	-999	-999
2013159	13.5	4.855	24.32	2.295088639	0	615.4999385	24.32	2.295088639	85.2218	400	20.775	17.23	16.46	10	1	-999	-999
2013159	14	4.06	24.21	2.282995723	0	437.9999562	24.21	2.282995723	85.2422	400	20.745	17.28	16.63	10	1	-999	-999
2013159	14.5	3.8	24.075	2.248321127	0	390.6666276	24.075	2.248321127	85.2422	400	20.6775	17.28	16.63	10	1	-999	-999
2013159	15	3.54	23.94	2.213646531	0	343.333299	23.94	2.213646531	85.2363	400	20.575	17.21	16.72	10	1	-999	-999
2013159	15.5	4.03	23.66	2.136776255	0	406.9999593	23.66	2.136776255	85.2363	400	20.435	17.21	16.72	10	1	-999	-999
2013159	16	4.52	23.38	2.059905979	0	470.6666196	23.38	2.059905979	85.3371	400	20.245	17.11	16.74	10	1	-999	-999
2013159	16.5	4.35	23.5	2.098204756	0	495.6666171	23.5	2.098204756	85.3371	400	20.305	17.11	16.74	10	1	-999	-999
2013159	17	4.18	23.62	2.136503533	0	520.6666146	23.62	2.136503533	85.3679	400	20.305	16.99	16.71	10	1	-999	-999
2013159	17.5	4.125	22.86	1.99075466	0	365.8666301	22.86	1.99075466	85.3679	400	19.925	16.99	16.71	10	1	-999	-999
2013159	18	4.07	22.1	1.845005787	0	211.0666456	22.1	1.845005787	85.415	400	19.48	16.86	16.67	10	1	-999	-999
2013159	18.5	2.935	20.32	1.528686834	0	110.349989	20.32	1.528686834	85.415	400	18.59	16.86	16.67	10	1	-999	-999
2013159	19	1.8	18.54	1.212367882	0	9.63333237	18.54	1.212367882	85.4788	400	17.605	16.67	16.61	10	1	-999	-999
2013159	19.5	1.53	17.535	1.066972817	0	4.816666185	17.535	1.066972817	85.4788	400	17.1025	16.67	16.61	10	1	-999	-999
2013159	20	1.26	16.53	0.921577752	0	0	16.53	0.921577752	85.5494	400	16.48	16.43	16.52	10	1	-999	-999
2013159	20.5	0.76	15.915	0.820824404	0	0	15.915	0.820824404	85.5494	400	16.1725	16.43	16.52	10	1	-999	-999
2013159	21	0.26	15.3	0.720071057	0	0	15.3	0.720071057	85.6334	400	15.74	16.18	16.4	10	1	-999	-999
2013159	21.5	0.16	15.065	0.682417776	0	0	15.065	0.682417776	85.6334	400	15.6225	16.18	16.4	10	1	-999	-999
2013159	22	0.06	14.83	0.644764496	0	0	14.83	0.644764496	85.6799	400	15.39	15.95	16.27	10	1	-999	-999
2013159	22.5	0.31	14.25	0.575380929	0	0	14.25	0.575380929	85.6799	400	15.1	15.95	16.27	10	1	-999	-999
2013159	23	0.56	13.67	0.505997363	0	0	13.67	0.505997363	85.6868	400	14.72	15.77	16.13	10	1	-999	-999
2013159	23.5	1.175	12.82	0.45770466	0	0	12.82	0.45770466	85.6868	400	14.295	15.77	16.13	10	1	-999	-999
2013160	0	1.79	11.97	0.409411956	0	0	11.97	0.409411956	85.6916	400	13.77	15.57	15.99	10	1	-999	-999
2013160	0.5	1.51	11.405	0.387533634	0	0	11.405	0.387533634	85.6916	400	13.4875	15.57	15.99	10	1	-999	-999
2013160	1	1.23	10.84	0.365655311	0	0	10.84	0.365655311	85.6866	400	13.1	15.36	15.85	10	1	-999	-999
2013160	1.5	0.795	10.165	0.324412897	0	0	10.165	0.324412897	85.6866	400	12.7625	15.36	15.85	10	1	-999	-999
2013160	2	0.36	9.49	0.283170482	0	0	9.49	0.283170482	85.6583	400	12.315	15.14	15.71	10	1	-999	-999
2013160	2.5	0.805	8.79	0.239135914	0	0.03333333	8.79	0.239135914	85.6583	400	11.965	15.14	15.71	10	1	-999	-999
2013160	3	1.25	8.09	0.195101346	0	0.06666666	8.09	0.195101346	85.6705	400	11.49	14.89	15.55	10	1	-999	-999
2013160	3.5	0.91	8.0435	0.197164655	0	11.94999881	8.0435	0.197164655	85.6705	400	11.46675	14.89	15.55	10	1	-999	-999
2013160	4	0.57	7.997	0.199227964	0	23.83333095	7.997	0.199227964	85.6974	400	11.3185	14.64	15.38	10	1	-999	-999
2013160	4.5	0.575	9.2335	0.257752649	0	152.2499848	9.2335	0.257752649	85.6974	400	11.93675	14.64	15.38	10	1	-999	-999
2013160	5	0.58	10.47	0.316277333	0	280.6666386	10.47	0.316277333	85.7147	400	12.445	14.42	15.2	10	1	-999	-999
2013160	5.5	0.375	12.85	0.520878129	0	452.6666214	12.85	0.520878129	85.7147	400	13.635	14.42	15.2	10	1	-999	-999
2013160	6	0.17	15.23	0.725478925	0	624.6666042	15.23	0.725478925	85.7185	400	14.77	14.31	15.01	10	1	-999	-999
2013160	6.5	0.395	16.2	0.836751982	0	804.4999196	16.2	0.836751982	85.7185	400	15.255	14.31	15.01	10	1	-999	-999
2013160	7	0.62	17.17	0.948025039	0	984.3332349	17.17	0.948025039	85.7129	400	15.82	14.47	14.89	10	1	-999	-999
2013160	7.5	0.645	18.415	1.103467733	0	1148.166552	18.415	1.103467733	85.7129	400	16.4425	14.47	14.89	10	1	-999	-999
2013160	8	0.67	19.66	1.258910428	0	1311.999869	19.66	1.258910428	85.6995	400	17.285	14.91	14.88	10	1	-999	-999
2013160	8.5	1.445	20.855	1.471076369	0	1457.666521	20.855	1.471076369	85.6995	400	17.8825	14.91	14.88	10	1	-999	-999
2013160	9	2.22	22.05	1.683242311	0	1603.333173	22.05	1.683242311	85.6369	400	18.84	15.63	15	10	1	-999	-999
2013160	9.5	2.01	23.49	1.982975763	0	1704.333163	23.49	1.982975763	85.6369	400	19.56	15.63	15	10	1	-999	-999
2013160	10	1.8	24.93	2.282709216	0	1805.333153	24.93	2.282709216	85.589	400	20.725	16.52	15.25	10	1	-999	-999
2013160	10.5	2.08	25.94	2.55545981	0	1857.166481	25.94	2.55545981	85.589	400	21.23	16.52	15.25	10	1	-999	-999
2013160	11	2.36	26.95	2.828210405	0	1908.999809	26.95	2.828210405	85.5479	400	22.24	17.53	15.63	10	1	-999	-999
2013160	11.5	2.295	27.54	2.967311213	0	1904.99981	27.54	2.967311213	85.5479	400	22.535	17.53	15.63	10	1	-999	-999
2013160	12	2.23	28.13	3.106412021	0	1900.99981	28.13	3.106412021	85.5056	400	23.285	18.44	16.09	10	1	-999	-999
2013160	12.5	2.095	28.42	3.187199364	0	1838.166483	28.42	3.187199364	85.5056	400	23.43	18.44	16.09	10	1	-999	-999
2013160	13	1.96	28.71	3.267986707	0	1775.333156	28.71	3.267986707	85.4596	400	23.94	19.17	16.56	10	1	-999	-999
2013160	13.5	2.345	29.32	3.421010855	0	1672.833166	29.32	3.421010855	85.4596	400	24.245	19.17	16.56	10	1	-999	-999
2013160	14	2.73	29.93	3.574035004	0	1570.333176	29.93	3.574035004	85.3891	400	24.8	19.67	17	10	1	-999	-999
2013160	14.5	2.395	30.2	3.632443584	0	1396.333194	30.2	3.632443584	85.3891	400	24.935	19.67	17	10	1	-999	-999
2013160	15	2.06	30.47	3.690852165	0	1222.333211	30.47	3.690852165	85.3261	400	25.175	19.88	17.36	10	1	-999	-999
2013160	15.5	2.415	30.68	3.751306101	0	1083.166558	30.68	3.751306101	85.3261	400	25.28	19.88	17.36	10	1	-999	-999
2013160	16	2.77	30.89	3.811760038	0	943.9999056	30.89	3.811760038	85.2638	400	25.405	19.92	17.63	10	1	-999	-999
2013160	16.5	2.935	30.84	3.798690818	0	765.9999234	30.84	3.798690818	85.2638	400	25.38	19.92	17.63	10	1	-999	-999
2013160	17	3.1	30.79	3.785621598	0	587.9999412	30.79	3.785621598	85.2369	400	25.265	19.74	17.81	10	1	-999	-999
2013160	17.5	2.675	30.08	3.561814699	0	416.0166251	30.08	3.561814699	85.2369	400	24.91	19.74	17.81	10	1	-999	-999
2013160	18	2.25	29.37	3.3380078	0	244.0333089	29.37	3.3380078	85.2398	400	24.385	19.4	17.88	10	1	-999	-999
2013160	18.5	1.665	27.91	2.976622393	0	130.9166536	27.91	2.976622393	85.2398	400	23.655	19.4	17.88	10	1	-999	-999
2013160	19	1.08	26.45	2.615236985	0	17.79999822	26.45	2.615236985	85.2654	400	22.725	19	17.88	10	1	-999	-999
2013160	19.5	0.585	24.495	2.242876684	0	8.89999911	24.495	2.242876684	85.2654	400	21.7475	19	17.88	10	1	-999	-999
2013160	20	0.09	22.54	1.870516382	0	0	22.54	1.870516382	85.3089	400	20.56	18.58	17.8	10	1	-999	-999
2013160	20.5	0.525	21.87	1.766912828	0	0	21.87	1.766912828	85.3089	400	20.225	18.58	17.8	10	1	-999	-999
2013160	21	0.96	21.2	1.663309275	0	0	21.2	1.663309275	85.3337	400	19.67	18.14	17.67	10	1	-999	-999
2013160	21.5	0.69	19.99	1.471880301	0	0	19.99	1.471880301	85.3337	400	19.065	18.14	17.67	10	1	-999	-999
2013160	22	0.42	18.78	1.280451327	0	0	18.78	1.280451327	85.2928	400	18.26	17.74	17.51	10	1	-999	-999
2013160	22.5	0.58	17.92	1.151713278	0	0	17.92	1.151713278	85.2928	400	17.83	17.74	17.51	10	1	-999	-999
2013160	23	0.74	17.06	1.02297523	0	0	17.06	1.02297523	85.2667	400	17.215	17.37	17.32	10	1	-999	-999
2013160	23.5	0.545	16.155	0.897177389	0	0	16.155	0.897177389	85.2667	400	16.7625	17.37	17.32	10	1	-999	-999
2013161	0	0.35	15.25	0.771379547	0	0	15.25	0.771379547	85.2391	400	16.135	17.02	17.13	10	1	-999	-999
2013161	0.5	0.645	13.815	0.601732457	0	0	13.815	0.601732457	85.2391	400	15.4175	17.02	17.13	10	1	-999	-999
2013161	1	0.94	12.38	0.432085368	0	0	12.38	0.432085368	85.2241	400	14.535	16.69	16.93	10	1	-999	-999
2013161	1.5	1.37	11.48	0.366423638	0	0	11.48	0.366423638	85.2241	400	14.085	16.69	16.93	10	1	-999	-999
2013161	2	1.8	10.58	0.300761909	0	0	10.58	0.300761909	85.2282	400	13.475	16.37	16.73	10	1	-999	-999
2013161	2.5	1.67	10.805	0.334873524	0	0	10.805	0.334873524	85.2282	400	13.5875	16.37	16.73	10	1	-999	-999
2013161	3	1.54	11.03	0.368985139	0	0	11.03	0.368985139	85.2493	400	13.565	16.1	16.52	10	1	-999	-999
2013161	3.5	1.65	10.89	0.355918245	0	11.86666548	10.89	0.355918245	85.2493	400	13.495	16.1	16.52	10	1	-999	-999
2013161	4	1.76	10.75	0.342851352	0	23.73333096	10.75	0.342851352	85.2595	400	13.3	15.85	16.33	10	1	-999	-999
2013161	4.5	1.37	12.465	0.518490248	0	163.6999836	12.465	0.518490248	85.2595	400	14.1575	15.85	16.33	10	1	-999	-999
2013161	5	0.98	14.18	0.694129143	0	303.6666363	14.18	0.694129143	85.3031	400	14.9	15.62	16.14	10	1	-999	-999
2013161	5.5	0.605	16.92	1.027927199	0	490.499951	16.92	1.027927199	85.3031	400	16.27	15.62	16.14	10	1	-999	-999
2013161	6	0.23	19.66	1.361725254	0	677.3332656	19.66	1.361725254	85.3322	400	17.59	15.52	15.95	10	1	-999	-999
2013161	6.5	0.36	21.12	1.539128628	0	853.4999147	21.12	1.539128628	85.3322	400	18.32	15.52	15.95	10	1	-999	-999
2013161	7	0.49	22.58	1.716532003	0	1029.666564	22.58	1.716532003	85.3606	400	19.19	15.8	15.84	10	1	-999	-999
2013161	7.5	0.365	23.84	1.837901958	0	960.9999039	23.84	1.837901958	85.3606	400	19.82	15.8	15.84	10	1	-999	-999
2013161	8	0.24	25.1	1.959271914	0	892.3332441	25.1	1.959271914	85.3674	400	20.865	16.63	15.91	10	1	-999	-999
2013161	8.5	0.705	26.35	2.310425361	0	1128.83322	26.35	2.310425361	85.3674	400	21.49	16.63	15.91	10	1	-999	-999
2013161	9	1.17	27.6	2.661578809	0	1365.333197	27.6	2.661578809	85.3571	400	22.48	17.36	16.15	10	1	-999	-999
2013161	9.5	1.645	29.585	3.182158682	0	1581.166509	29.585	3.182158682	85.3571	400	23.4725	17.36	16.15	10	1	-999	-999
2013161	10	2.12	31.57	3.702738555	0	1796.99982	31.57	3.702738555	85.3139	400	24.86	18.15	16.45	10	1	-999	-999
2013161	10.5	2.8	32.81	4.1692872	0	1732.499827	32.81	4.1692872	85.3139	400	25.48	18.15	16.45	10	1	-999	-999
2013161	11	3.48	34.05	4.635835845	0	1667.999833	34.05	4.635835845	85.2442	400	26.585	19.12	16.83	10	1	-999	-999
2013161	11.5	3.42	34.52	4.810736983	0	1640.333169	34.52	4.810736983	85.2442	400	26.82	19.12	16.83	10	1	-999	-999
2013161	12	3.36	34.99	4.985638122	0	1612.666505	34.99	4.985638122	85.1618	400	27.395	19.8	17.3	10	1	-999	-999
2013161	12.5	2.35	35.165	5.045845027	0	1286.833205	35.165	5.045845027	85.1618	400	27.4825	19.8	17.3	10	1	-999	-999
2013161	13	1.34	35.34	5.106051933	0	960.9999039	35.34	5.106051933	85.101	400	27.8	20.26	17.72	10	1	-999	-999
2013161	13.5	1.755	35.3	5.086235578	0	871.9999128	35.3	5.086235578	85.101	400	27.78	20.26	17.72	10	1	-999	-999
2013161	14	2.17	35.26	5.066419223	0	782.9999217	35.26	5.066419223	85.054	400	27.87	20.48	18.07	10	1	-999	-999
2013161	14.5	3.015	35.085	5.003819664	0	720.8332613	35.085	5.003819664	85.054	400	27.7825	20.48	18.07	10	1	-999	-999
2013161	15	3.86	34.91	4.941220106	0	658.6666008	34.91	4.941220106	85.054	400	27.715	20.52	18.33	10	1	-999	-999
2013161	15.5	3.39	34.205	4.726096183	0	557.4999443	34.205	4.726096183	85.054	400	27.3625	20.52	18.33	10	1	-999	-999
2013161	16	2.92	33.5	4.51097226	0	456.3332877	33.5	4.51097226	85.0742	400	26.925	20.35	18.5	10	1	-999	-999
2013161	16.5	3.045	33.045	4.317517293	0	419.1666248	33.045	4.317517293	85.0742	400	26.6975	20.35	18.5	10	1	-999	-999
2013161	17	3.17	32.59	4.124062326	0	381.9999618	32.59	4.124062326	85.0272	400	26.355	20.12	18.57	10	1	-999	-999
2013161	17.5	2.49	31.135	3.688346468	0	255.2666411	31.135	3.688346468	85.0272	400	25.6275	20.12	18.57	10	1	-999	-999
2013161	18	1.81	29.68	3.252630609	0	128.5333205	29.68	3.252630609	85.0506	400	24.8	19.92	18.59	10	1	-999	-999
2013161	18.5	1.615	27.87	2.811558153	0	70.39999296	27.87	2.811558153	85.0506	400	23.895	19.92	18.59	10	1	-999	-999
2013161	19	1.42	26.06	2.370485697	0	12.26666544	26.06	2.370485697	85.0444	400	22.845	19.63	18.56	10	1	-999	-999
2013161	19.5	1.435	24.945	2.160963063	0	6.13333272	24.945	2.160963063	85.0444	400	22.2875	19.63	18.56	10	1	-999	-999
2013161	20	1.45	23.83	1.95144043	0	0	23.83	1.95144043	85.0979	400	21.565	19.3	18.48	10	1	-999	-999
2013161	20.5	1.37	22.925	1.83561682	0	0	22.925	1.83561682	85.0979	400	21.1125	19.3	18.48	10	1	-999	-999
2013161	21	1.29	22.02	1.719793209	0	0	22.02	1.719793209	85.1746	400	20.5	18.98	18.36	10	1	-999	-999
2013161	21.5	0.98	21.11	1.568643857	0	0	21.11	1.568643857	85.1746	400	20.045	18.98	18.36	10	1	-999	-999
2013161	22	0.67	20.2	1.417494505	0	0	20.2	1.417494505	85.1898	400	19.42	18.64	18.22	10	1	-999	-999
2013161	22.5	0.97	19.23	1.238437278	0	0	19.23	1.238437278	85.1898	400	18.935	18.64	18.22	10	1	-999	-999
2013161	23	1.27	18.26	1.05938005	0	0	18.26	1.05938005	85.1917	400	18.275	18.29	18.06	10	1	-999	-999
2013161	23.5	1.37	17.74	0.982653885	0	0	17.74	0.982653885	85.1917	400	18.015	18.29	18.06	10	1	-999	-999
2013162	0	1.47	17.22	0.90592772	0	0	17.22	0.90592772	85.1714	400	17.6	17.98	17.87	10	1	-999	-999
2013162	0.5	1.835	16.72	0.862423273	0	0	16.72	0.862423273	85.1714	400	17.35	17.98	17.87	10	1	-999	-999
2013162	1	2.2	16.22	0.818918825	0	0	16.22	0.818918825	85.1411	400	16.95	17.68	17.69	10	1	-999	-999
2013162	1.5	1.88	15.35	0.734520096	0	0	15.35	0.734520096	85.1411	400	16.515	17.68	17.69	10	1	-999	-999
2013162	2	1.56	14.48	0.650121367	0	0	14.48	0.650121367	85.1437	400	15.945	17.41	17.5	10	1	-999	-999
2013162	2.5	1.6	13.955	0.608733784	0	0	13.955	0.608733784	85.1437	400	15.6825	17.41	17.5	10	1	-999	-999
2013162	3	1.64	13.43	0.567346202	0	0	13.43	0.567346202	85.1496	400	15.285	17.14	17.32	10	1	-999	-999
2013162	3.5	1.06	12.93	0.48962443	0	11.23333221	12.93	0.48962443	85.1496	400	15.035	17.14	17.32	10	1	-999	-999
2013162	4	0.48	12.43	0.411902658	0	22.46666442	12.43	0.411902658	85.189	400	14.645	16.86	17.13	10	1	-999	-999
2013162	4.5	0.325	13.545	0.469871453	0	138.3499862	13.545	0.469871453	85.189	400	15.2025	16.86	17.13	10	1	-999	-999
2013162	5	0.17	14.66	0.527840248	0	254.2333079	14.66	0.527840248	85.2471	400	15.625	16.59	16.94	10	1	-999	-999
2013162	5.5	0.675	16.655	0.746638832	0	430.6166236	16.655	0.746638832	85.2471	400	16.6225	16.59	16.94	10	1	-999	-999
2013162	6	1.18	18.65	0.965437416	0	606.9999393	18.65	0.965437416	85.2508	400	17.54	16.43	16.74	10	1	-999	-999
2013162	6.5	1.495	20.515	1.299564654	0	802.3332531	20.515	1.299564654	85.2508	400	18.4725	16.43	16.74	10	1	-999	-999
2013162	7	1.81	22.38	1.633691891	0	997.6665669	22.38	1.633691891	85.2448	400	19.445	16.51	16.6	10	1	-999	-999
2013162	7.5	1.14	24.45	2.048565691	0	1139.333219	24.45	2.048565691	85.2448	400	20.48	16.51	16.6	10	1	-999	-999
2013162	8	0.47	26.52	2.46343949	0	1280.999872	26.52	2.46343949	85.1848	400	21.695	16.87	16.56	10	1	-999	-999
2013162	8.5	0.71	27.74	2.72596931	0	1371.333196	27.74	2.72596931	85.1848	400	22.305	16.87	16.56	10	1	-999	-999
2013162	9	0.95	28.96	2.988499129	0	1461.666521	28.96	2.988499129	85.1458	400	23.27	17.58	16.68	10	1	-999	-999
2013162	9.5	1.93	30.535	3.503516317	0	1646.166502	30.535	3.503516317	85.1458	400	24.0575	17.58	16.68	10	1	-999	-999
2013162	10	2.91	32.11	4.018533505	0	1830.666484	32.11	4.018533505	85.0936	400	25.315	18.52	16.98	10	1	-999	-999
2013162	10.5	3.15	33.31	4.458409155	0	1877.333146	33.31	4.458409155	85.0936	400	25.915	18.52	16.98	10	1	-999	-999
2013162	11	3.39	34.51	4.898284805	0	1923.999808	34.51	4.898284805	85.0139	400	26.965	19.42	17.4	10	1	-999	-999
2013162	11.5	2.95	34.84	5.003794113	0	1917.166475	34.84	5.003794113	85.0139	400	27.13	19.42	17.4	10	1	-999	-999
2013162	12	2.51	35.17	5.10930342	0	1910.333142	35.17	5.10930342	84.9189	400	27.68	20.19	17.84	10	1	-999	-999
2013162	12.5	2.005	35.455	5.214413728	0	1857.166481	35.455	5.214413728	84.9189	400	27.8225	20.19	17.84	10	1	-999	-999
2013162	13	1.5	35.74	5.319524037	0	1803.99982	35.74	5.319524037	84.8852	400	28.395	21.05	18.29	10	1	-999	-999
2013162	13.5	1.77	35.95	5.402679525	0	1701.833163	35.95	5.402679525	84.8852	400	28.5	21.05	18.29	10	1	-999	-999
2013162	14	2.04	36.16	5.485835013	0	1599.666507	36.16	5.485835013	84.838	400	28.97	21.78	18.75	10	1	-999	-999
2013162	14.5	3.715	36.035	5.469052712	0	1452.999855	36.035	5.469052712	84.838	400	28.9075	21.78	18.75	10	1	-999	-999
2013162	15	5.39	35.91	5.452270412	0	1306.333203	35.91	5.452270412	84.8178	400	29.015	22.12	19.18	10	1	-999	-999
2013162	15.5	5.685	35.555	5.336152554	0	1137.999886	35.555	5.336152554	84.8178	400	28.8375	22.12	19.18	10	1	-999	-999
2013162	16	5.98	35.2	5.220034697	0	969.6665697	35.2	5.220034697	84.8246	400	28.535	21.87	19.45	10	1	-999	-999
2013162	16.5	6.645	34.465	5.007258808	0	762.6665904	34.465	5.007258808	84.8246	400	28.1675	21.87	19.45	10	1	-999	-999
2013162	17	7.31	33.73	4.794482919	0	555.6666111	33.73	4.794482919	84.8246	400	27.56	21.39	19.55	10	1	-999	-999
2013162	17.5	6.705	32.855	4.534073748	0	382.7332951	32.855	4.534073748	84.8246	400	27.1225	21.39	19.55	10	1	-999	-999
2013162	18	6.1	31.98	4.273664578	0	209.799979	31.98	4.273664578	84.8894	400	26.385	20.79	19.51	10	1	-999	-999
2013162	18.5	4.45	29.53	3.627928163	0	115.2999885	29.53	3.627928163	84.8894	400	25.16	20.79	19.51	10	1	-999	-999
2013162	19	2.8	27.08	2.982191748	0	20.79999792	27.08	2.982191748	85.0404	400	23.66	20.24	19.39	10	1	-999	-999
2013162	19.5	3.035	25.875	2.760570729	0	10.41666563	25.875	2.760570729	85.0404	400	23.0575	20.24	19.39	10	1	-999	-999
2013162	20	3.27	24.67	2.538949711	0	0.03333333	24.67	2.538949711	85.2038	400	22.235	19.8	19.22	10	1	-999	-999
2013162	20.5	3.455	24.665	2.558329508	0	0.016666665	24.665	2.558329508	85.2038	400	22.2325	19.8	19.22	10	1	-999	-999
2013162	21	3.64	24.66	2.577709305	0	0	24.66	2.577709305	85.3195	400	22.015	19.37	19.01	10	1	-999	-999
2013162	21.5	3.635	24.14	2.495367887	0	0	24.14	2.495367887	85.3195	400	21.755	19.37	19.01	10	1	-999	-999
2013162	22	3.63	23.62	2.41302647	0	0	23.62	2.41302647	85.4456	400	21.3	18.98	18.79	10	1	-999	-999
2013162	22.5	3.51	22.54	2.237889018	0	0	22.54	2.237889018	85.4456	400	20.76	18.98	18.79	10	1	-999	-999
2013162	23	3.39	21.46	2.062751567	0	0	21.46	2.062751567	85.5312	400	20.035	18.61	18.56	10	1	-999	-999
2013162	23.5	3.07	19.77	1.805597067	0	0	19.77	1.805597067	85.5312	400	19.19	18.61	18.56	10	1	-999	-999
